5000120 16105401780 row: 1
5000121 09015400622 row: 1
5000122 12055401312 row: 1
5000123 13115402395 row: 1
5000124 23025401786 row: 1
5000125 15045401259 row: 1
5000126 08035201506 row: 1
5000127 24075202527 row: 1
5000128 08045200974 row: 1
5000129 01055201109 row: 1
5000130 30056300267 row: 1
5000131 18056301506 row: 1
5000132 01076301138 row: 1
5000133 15126301739 row: 1
5000134 04076300866 row: 1
5000135 18066301172 row: 1
5000136 05066301518 row: 1
5000137 12046300899 row: 1
5000138 27026300784 row: 1
5000139 03086302585 row: 1
5000140 13026700498 row: 1
5000141 07066700504 row: 1
5000142 29066700362 row: 1
5000143 15016700557 row: 1
5000144 21096700773 row: 1
5000145 02046700972 row: 1
5000146 28096700727 row: 1
5000147 12016700701 row: 1
5000148 17056701117 row: 1
5000149 04026700618 row: 1
5000150 12017200583 row: 1
5000151 18067200205 row: 1
5000152 10087200464 row: 1
5000153 11097200574 row: 1
5000154 29097200619 row: 1
5000155 11027200453 row: 1
5000156 29077200558 row: 1
5000157 12067200533 row: 1
5000158 22117900367 row: 1
5000159 23047900247 row: 1
5000160 05087900314 row: 1
5000161 08087900240 row: 1
5000162 05067900687 row: 1
5000163 28027900323 row: 1
5000164 04077900204 row: 1
5000165 27027900394 row: 1
5000166 18037900342 row: 1
5000167 27118800279 row: 1
5000168 30078800611 row: 1
5000169 19108800286 row: 1
5000170 16028800715 row: 1
5000171 25128800371 row: 1
5000172 29048800511 row: 1
5000173 30018800329 row: 1
5000174 12018800517 row: 1
5000175 18018801325 row: 1
5000176 24038800708 row: 1
5000001 10024800879 row: 1
5000002 09074501963 row: 1
5000003 10024901098 row: 1
5000004 10024800879 row: 1
5000005 10024800879 row: 1
5000006 10024800879 row: 1
5000007 09074501963 row: 1
5000008 10024901098 row: 1
5000001 10024800879 row: 1
5000002 10024800879 row: 1
5000003 09074501963 row: 1
5000004 10055001885 row: 1
5000005 10064601267 row: 1
5000006 10064601267 row: 1
5000007 10064601267 row: 1
5000008 10064601267 row: 1
5000009 09124800363 row: 1
5000010 09114902052 row: 1
5000011 10014501024 row: 1
5000012 10024800283 row: 1
5000013 10044801642 row: 1
5000014 09124701217 row: 1
5000015 10024602252 row: 1
5000016 10024602252 row: 1
5000017 1010150317 row: 1
5000018 1010150317 row: 1
5000020 16105401780 row: 1
5000021 23025401786 row: 1
